

.animation-target {
  -webkit-animation: animation 300ms linear both;
  animation: animation 300ms linear both;
}

/* Generated with Bounce.js. Edit at https://goo.gl/ZAGBPL */

@-webkit-keyframes animation { 
  0% { -webkit-transform: matrix3d(1, 0, 0, 0, 0, 1, 0, 0, 0, 0, 1, 0, 0, 0, 0, 1); transform: matrix3d(1, 0, 0, 0, 0, 1, 0, 0, 0, 0, 1, 0, 0, 0, 0, 1); }
  3.2% { -webkit-transform: matrix3d(0.779, 0.627, 0, 0, -0.627, 0.779, 0, 0, 0, 0, 1, 0, 161.951, 0, 0, 1); transform: matrix3d(0.779, 0.627, 0, 0, -0.627, 0.779, 0, 0, 0, 0, 1, 0, 161.951, 0, 0, 1); }
  6.31% { -webkit-transform: matrix3d(0.363, 0.932, 0, 0, -0.932, 0.363, 0, 0, 0, 0, 1, 0, 269.192, 0, 0, 1); transform: matrix3d(0.363, 0.932, 0, 0, -0.932, 0.363, 0, 0, 0, 0, 1, 0, 269.192, 0, 0, 1); }
  12.51% { -webkit-transform: matrix3d(-0.361, 0.933, 0, 0, -0.933, -0.361, 0, 0, 0, 0, 1, 0, 393.18, 0, 0, 1); transform: matrix3d(-0.361, 0.933, 0, 0, -0.933, -0.361, 0, 0, 0, 0, 1, 0, 393.18, 0, 0, 1); }
  18.82% { -webkit-transform: matrix3d(-0.744, 0.669, 0, 0, -0.669, -0.744, 0, 0, 0, 0, 1, 0, 451.666, 0, 0, 1); transform: matrix3d(-0.744, 0.669, 0, 0, -0.669, -0.744, 0, 0, 0, 0, 1, 0, 451.666, 0, 0, 1); }
  25.03% { -webkit-transform: matrix3d(-0.901, 0.433, 0, 0, -0.433, -0.901, 0, 0, 0, 0, 1, 0, 478.084, 0, 0, 1); transform: matrix3d(-0.901, 0.433, 0, 0, -0.433, -0.901, 0, 0, 0, 0, 1, 0, 478.084, 0, 0, 1); }
  37.54% { -webkit-transform: matrix3d(-0.986, 0.166, 0, 0, -0.166, -0.986, 0, 0, 0, 0, 1, 0, 495.704, 0, 0, 1); transform: matrix3d(-0.986, 0.166, 0, 0, -0.166, -0.986, 0, 0, 0, 0, 1, 0, 495.704, 0, 0, 1); }
  50.05% { -webkit-transform: matrix3d(-0.998, 0.067, 0, 0, -0.067, -0.998, 0, 0, 0, 0, 1, 0, 499.205, 0, 0, 1); transform: matrix3d(-0.998, 0.067, 0, 0, -0.067, -0.998, 0, 0, 0, 0, 1, 0, 499.205, 0, 0, 1); }
  75.08% { -webkit-transform: matrix3d(-1, 0.021, 0, 0, -0.021, -1, 0, 0, 0, 0, 1, 0, 499.98, 0, 0, 1); transform: matrix3d(-1, 0.021, 0, 0, -0.021, -1, 0, 0, 0, 0, 1, 0, 499.98, 0, 0, 1); }
  100% { -webkit-transform: matrix3d(-1, 0.017, 0, 0, -0.017, -1, 0, 0, 0, 0, 1, 0, 500, 0, 0, 1); transform: matrix3d(-1, 0.017, 0, 0, -0.017, -1, 0, 0, 0, 0, 1, 0, 500, 0, 0, 1); } 
}

@keyframes animation { 
  0% { -webkit-transform: matrix3d(1, 0, 0, 0, 0, 1, 0, 0, 0, 0, 1, 0, 0, 0, 0, 1); transform: matrix3d(1, 0, 0, 0, 0, 1, 0, 0, 0, 0, 1, 0, 0, 0, 0, 1); }
  3.2% { -webkit-transform: matrix3d(0.779, 0.627, 0, 0, -0.627, 0.779, 0, 0, 0, 0, 1, 0, 161.951, 0, 0, 1); transform: matrix3d(0.779, 0.627, 0, 0, -0.627, 0.779, 0, 0, 0, 0, 1, 0, 161.951, 0, 0, 1); }
  6.31% { -webkit-transform: matrix3d(0.363, 0.932, 0, 0, -0.932, 0.363, 0, 0, 0, 0, 1, 0, 269.192, 0, 0, 1); transform: matrix3d(0.363, 0.932, 0, 0, -0.932, 0.363, 0, 0, 0, 0, 1, 0, 269.192, 0, 0, 1); }
  12.51% { -webkit-transform: matrix3d(-0.361, 0.933, 0, 0, -0.933, -0.361, 0, 0, 0, 0, 1, 0, 393.18, 0, 0, 1); transform: matrix3d(-0.361, 0.933, 0, 0, -0.933, -0.361, 0, 0, 0, 0, 1, 0, 393.18, 0, 0, 1); }
  18.82% { -webkit-transform: matrix3d(-0.744, 0.669, 0, 0, -0.669, -0.744, 0, 0, 0, 0, 1, 0, 451.666, 0, 0, 1); transform: matrix3d(-0.744, 0.669, 0, 0, -0.669, -0.744, 0, 0, 0, 0, 1, 0, 451.666, 0, 0, 1); }
  25.03% { -webkit-transform: matrix3d(-0.901, 0.433, 0, 0, -0.433, -0.901, 0, 0, 0, 0, 1, 0, 478.084, 0, 0, 1); transform: matrix3d(-0.901, 0.433, 0, 0, -0.433, -0.901, 0, 0, 0, 0, 1, 0, 478.084, 0, 0, 1); }
  37.54% { -webkit-transform: matrix3d(-0.986, 0.166, 0, 0, -0.166, -0.986, 0, 0, 0, 0, 1, 0, 495.704, 0, 0, 1); transform: matrix3d(-0.986, 0.166, 0, 0, -0.166, -0.986, 0, 0, 0, 0, 1, 0, 495.704, 0, 0, 1); }
  50.05% { -webkit-transform: matrix3d(-0.998, 0.067, 0, 0, -0.067, -0.998, 0, 0, 0, 0, 1, 0, 499.205, 0, 0, 1); transform: matrix3d(-0.998, 0.067, 0, 0, -0.067, -0.998, 0, 0, 0, 0, 1, 0, 499.205, 0, 0, 1); }
  75.08% { -webkit-transform: matrix3d(-1, 0.021, 0, 0, -0.021, -1, 0, 0, 0, 0, 1, 0, 499.98, 0, 0, 1); transform: matrix3d(-1, 0.021, 0, 0, -0.021, -1, 0, 0, 0, 0, 1, 0, 499.98, 0, 0, 1); }
  100% { -webkit-transform: matrix3d(-1, 0.017, 0, 0, -0.017, -1, 0, 0, 0, 0, 1, 0, 500, 0, 0, 1); transform: matrix3d(-1, 0.017, 0, 0, -0.017, -1, 0, 0, 0, 0, 1, 0, 500, 0, 0, 1); } 
}
